0	-8.452011	-30
1	-8.387211	-30
2	-8.351616	-30
3	-8.344528	-30
4	-8.267323	-30
5	-8.274288	-30
6	-8.23267	-30
7	-8.253429	-30
8	-8.205135	-30
9	-8.205135	-30
10	-8.19828	-30
11	-8.191433	-30
12	-8.19828	-30
13	-8.281261	-30
14	-8.281261	-30
15	-8.452011	-30
16	-8.295246	-30
17	-8.495743	-30
18	-8.267323	-30
19	-8.517769	-30
20	-8.401531	-30
21	-8.606983	-30
22	-8.45927	-30
23	-8.554726	-30
24	-8.713379	-30
25	-8.562153	-30
26	-8.591991	-30
27	-8.744247	-30
28	-8.830261	-30
29	-8.690365	-30
30	-8.790958	-30
31	-8.830261	-30
32	-9.065331	-30
33	-9.17487	-30
34	-9.976563	-30
35	-10.19641	-30
36	-10.21792	-30
37	-10.23954	-30
38	-10.69561	-30
39	-11.28543	-30
40	-11.45311	-30
41	-11.25809	-30
42	-11.21739	-30
43	-11.48169	-30
44	-11.87094	-30
45	-11.48169	-30
46	-11.80878	-30
47	-12.19552	-30
48	-12.06282	-30
49	-12.5458	-30
50	-12.77011	-30
51	-13.04707	-30
52	-13.21351	-30
53	-13.45314	-30
54	-13.54361	-30
55	-14.00076	-30
56	-14.5111	-30
57	-14.5111	-30
58	-14.83624	-30
59	-15.05649	-30
60	-14.99242	-30
61	-15.08888	-30
62	-15.12151	-30
63	-15.35706	-30
64	-15.67992	-30
65	-15.79309	-30
66	-16.19321	-30
67	-16.63413	-30
68	-16.54227	-30
69	-16.27787	-30
70	-16.63413	-30
71	-16.87273	-30
72	-17.50598	-30
73	-17.80022	-30
74	-17.56323	-30
75	-17.62125	-30
76	-17.86158	-30
77	-17.80022	-30
78	-17.68008	-30
79	-17.86158	-30
80	-18.31781	-30
81	-18.45769	-30
82	-18.60235	-30
83	-18.98727	-30
84	-19.15165	-30
85	-19.68732	-30
86	-20.30193	-30
87	-20.64712	-30
88	-21.15748	-30
89	-21.5868	-30
90	-22.24023	-30
91	-22.42152	-30
92	-22.81062	-30
93	-23.02032	-30
94	-22.61136	-30
95	-23.02032	-30
96	-23.24164	-30
97	-24.27614	-30
98	-24.58369	-30
99	-24.58369	-30
100	-24.27614	-30
101	-25.28295	-30
102	-24.27614	-30
103	-24.27614	-30
104	-23.72511	-30
105	-23.72511	-30
106	-22.81062	-30
107	-22.61136	-30
108	-23.02032	-30
109	-21.29564	-30
110	-20.52883	-30
111	-19.88228	-30
112	-20.19298	-30
113	-19.59315	-30
114	-18.75214	-30
115	-18.82907	-30
116	-18.5294	-30
117	-18.38717	-30
118	-18.11626	-30
119	-17.73973	-30
120	-17.62125	-30
121	-17.50598	-30
122	-17.33869	-30
123	-17.73973	-30
124	-17.86158	-30
125	-17.98701	-30
126	-18.05115	-30
127	-17.73973	-30
128	-17.68008	-30
129	-17.0225	-30
130	-16.87273	-30
131	-16.92208	-30
132	-17.23069	-30
133	-17.28435	-30
134	-17.17768	-30
135	-16.72799	-30
136	-16.32083	-30
137	-15.94874	-30
138	-15.75504	-30
139	-15.4976	-30
140	-15.32262	-30
141	-14.7753	-30
142	-14.74514	-30
143	-14.56845	-30
144	-14.18195	-30
145	-13.87577	-30
146	-13.68291	-30
147	-13.54361	-30
148	-13.36449	-30
149	-13.27758	-30
150	-13.3426	-30
151	-13.15036	-30
152	-12.96615	-30
153	-13.06754	-30
154	-13.10875	-30
155	-12.88669	-30
156	-12.60081	-30
157	-12.17871	-30
158	-12.12867	-30
159	-12.07919	-30
160	-11.82425	-30
161	-11.65711	-30
162	-11.19046	-30
163	-11.07128	-30
164	-11.00642	-30
165	-10.75606	-30
166	-10.89201	-30
167	-10.63598	-30
168	-10.53061	-30
169	-10.4164	-30
170	-10.16433	-30
171	-10.15369	-30
172	-9.93589	-30
173	-9.895588	-30
174	-9.816063	-30
175	-9.689789	-30
176	-9.670673	-30
177	-9.623249	-30
178	-9.511448	-30
179	-9.493084	-30
180	-9.393417	-30
181	-9.456585	-30
182	-9.384468	-30
183	-9.331135	-30
184	-9.393417	-30
185	-9.411373	-30
186	-9.474796	-30
187	-9.465683	-30
188	-9.511448	-30
189	-9.60442	-30
190	-9.539135	-30
191	-9.58567	-30
192	-9.670673	-30
193	-9.73793	-30
194	-9.806221	-30
195	-9.865597	-30
196	-9.925781	-30
197	-10.05904	-30
198	-10.16433	-30
199	-10.25039	-30
200	-10.43901	-30
201	-10.57714	-30
202	-10.76825	-30
203	-10.85452	-30
204	-11.03225	-30
205	-11.19046	-30
206	-11.34063	-30
207	-11.52489	-30
208	-11.64222	-30
209	-11.82425	-30
210	-12.03026	-30
211	-12.24632	-30
212	-12.49145	-30
213	-12.69407	-30
214	-12.94615	-30
215	-13.21351	-30
216	-13.38648	-30
217	-13.75425	-30
218	-14.12941	-30
219	-14.3161	-30
220	-14.59741	-30
221	-14.89804	-30
222	-15.28845	-30
223	-15.71732	-30
224	-15.98854	-30
225	-16.40805	-30
226	-17.0225	-30
227	-17.68008	-30
228	-18.05115	-30
229	-18.60235	-30
230	-19.15165	-30
231	-19.98329	-30
232	-20.64712	-30
233	-21.43863	-30
234	-22.06674	-30
235	-23.24164	-30
236	-23.24164	-30
237	-23.99099	-30
238	-23.99099	-30
239	-24.27614	-30
240	-25.28295	-30
241	-24.58369	-30
242	-24.91759	-30
243	-25.28295	-30
244	-25.68654	-30
245	-23.47601	-30
246	-24.27614	-30
247	-24.27614	-30
248	-23.99099	-30
249	-23.47601	-30
250	-22.61136	-30
251	-21.5868	-30
252	-21.29564	-30
253	-20.64712	-30
254	-19.88228	-30
255	-19.88228	-30
256	-19.50105	-30
257	-19.06866	-30
258	-18.67658	-30
259	-18.5294	-30
260	-18.24955	-30
261	-17.92384	-30
262	-17.62125	-30
263	-17.39373	-30
264	-17.23069	-30
265	-16.92208	-30
266	-16.72799	-30
267	-16.49707	-30
268	-16.32083	-30
269	-16.19321	-30
270	-15.83149	-30
271	-15.75504	-30
272	-15.46204	-30
273	-15.42676	-30
274	-15.12151	-30
275	-14.80566	-30
276	-14.71519	-30
277	-14.42647	-30
278	-14.1556	-30
279	-13.90049	-30
280	-13.65938	-30
281	-13.40859	-30
282	-12.80863	-30
283	-12.67526	-30
284	-12.43777	-30
285	-11.90235	-30
286	-11.7323	-30
287	-11.56853	-30
288	-11.46738	-30
289	-11.38247	-30
290	-11.32676	-30
291	-11.19046	-30
292	-11.03225	-30
293	-11.1371	-30
294	-10.78047	-30
295	-10.60058	-30
296	-10.51906	-30
297	-10.47314	-30
298	-10.70764	-30
299	-10.81734	-30
300	-10.76825	-30
301	-10.70764	-30
302	-10.68362	-30
303	-10.57714	-30
304	-10.63598	-30
305	-10.50753	-30
306	-10.55381	-30
307	-10.53061	-30
308	-10.63598	-30
309	-10.75606	-30
310	-10.81734	-30
311	-10.84209	-30
312	-10.80502	-30
313	-10.80502	-30
314	-10.79272	-30
315	-10.78047	-30
316	-10.76825	-30
317	-10.76825	-30
318	-10.7439	-30
319	-10.70764	-30
320	-10.55381	-30
321	-10.49604	-30
322	-10.4164	-30
323	-10.42769	-30
324	-10.45036	-30
325	-10.50753	-30
326	-10.45036	-30
327	-10.33816	-30
328	-10.2831	-30
329	-10.20715	-30
330	-10.12191	-30
331	-10.03827	-30
332	-9.865597	-30
333	-9.72826	-30
334	-9.623249	-30
335	-9.576324	-30
336	-9.502258	-30
337	-9.429405	-30
338	-9.295933	-30
339	-9.183411	-30
340	-9.09037	-30
341	-8.999233	-30
342	-8.982864	-30
343	-8.917973	-30
344	-8.846081	-30
345	-8.721073	-30
346	-8.705692	-30
347	-8.744247	-30
348	-8.713379	-30
349	-8.554726	-30
350	-8.510414	-30
351	-8.503071	-30
352	-8.539906	-30
353	-8.503071	-30
354	-8.415894	-30
355	-8.344528	-30
356	-8.330391	-30
357	-8.394363	-30
358	-8.38007	-30
359	-8.358711	-30
