Festo Didactic LVDAM-ANT File 1.2
Antenna Type : Dipole (Lambda)

Description
Festo Didactic model :	9561
Op. Frequency :	915 MHz
Polarization :	Lin.
Connector Type :	SMA

Author : 
Comments : 

P - E - attenuation : 5
P - H - attenuation : 0

Angle	E	H
0	-2.692017	-30
1	-2.389099	-30
2	-2.431931	-30
3	-2.499813	-30
4	-2.551414	-30
5	-2.664326	-30
6	-2.627022	-30
7	-2.930424	-30
8	-2.955616	-30
9	-3.066456	-30
10	-3.235844	-30
11	-3.274128	-30
12	-3.386364	-30
13	-3.588055	-30
14	-3.814659	-30
15	-3.933769	-30
16	-4.083229	-30
17	-4.297337	-30
18	-4.501389	-30
19	-4.687206	-30
20	-4.923626	-30
21	-5.173386	-30
22	-5.405033	-30
23	-5.703938	-30
24	-6.041367	-30
25	-6.271118	-30
26	-6.57021	-30
27	-6.911499	-30
28	-7.298103	-30
29	-7.690937	-30
30	-8.122005	-30
31	-8.510147	-30
32	-8.943657	-30
33	-9.442299	-30
34	-9.841885	-30
35	-10.30302	-30
36	-10.81757	-30
37	-11.44212	-30
38	-12.15207	-30
39	-12.89705	-30
40	-13.5797	-30
41	-14.27706	-30
42	-15.07195	-30
43	-16.08074	-30
44	-17.0738	-30
45	-17.66856	-30
46	-18.78167	-30
47	-19.59793	-30
48	-21.47462	-30
49	-22.9411	-30
50	-24.04412	-30
51	-25.92044	-30
52	-26.79875	-30
53	-27.32086	-30
54	-26.79875	-30
55	-27.32086	-30
56	-27.32086	-30
57	-27.92065	-30
58	-27.92065	-30
59	-27.92065	-30
60	-26.33609	-30
61	-26.79875	-30
62	-26.33609	-30
63	-25.19699	-30
64	-25.54293	-30
65	-25.19699	-30
66	-25.19699	-30
67	-24.58101	-30
68	-25.19699	-30
69	-25.54293	-30
70	-24.58101	-30
71	-25.54293	-30
72	-24.87764	-30
73	-25.54293	-30
74	-25.54293	-30
75	-24.87764	-30
76	-24.87764	-30
77	-25.54293	-30
78	-24.87764	-30
79	-25.19699	-30
80	-25.19699	-30
81	-25.54293	-30
82	-25.54293	-30
83	-25.54293	-30
84	-25.19699	-30
85	-25.19699	-30
86	-24.58101	-30
87	-24.04412	-30
88	-24.04412	-30
89	-23.79934	-30
90	-23.56797	-30
91	-23.56797	-30
92	-23.34857	-30
93	-22.9411	-30
94	-22.56918	-30
95	-22.39469	-30
96	-22.22702	-30
97	-22.06565	-30
98	-21.76002	-30
99	-21.76002	-30
100	-21.91013	-30
101	-21.91013	-30
102	-21.47462	-30
103	-21.47462	-30
104	-21.47462	-30
105	-21.3387	-30
106	-21.3387	-30
107	-21.47462	-30
108	-21.61496	-30
109	-21.20691	-30
110	-21.76002	-30
111	-21.47462	-30
112	-21.3387	-30
113	-21.76002	-30
114	-22.06565	-30
115	-22.06565	-30
116	-22.22702	-30
117	-22.56918	-30
118	-22.75109	-30
119	-22.75109	-30
120	-23.34857	-30
121	-23.56797	-30
122	-23.79934	-30
123	-24.04412	-30
124	-24.30399	-30
125	-24.58101	-30
126	-24.87764	-30
127	-25.19699	-30
128	-25.19699	-30
129	-25.54293	-30
130	-25.54293	-30
131	-25.54293	-30
132	-25.19699	-30
133	-24.58101	-30
134	-24.58101	-30
135	-24.58101	-30
136	-24.30399	-30
137	-23.79934	-30
138	-23.56797	-30
139	-23.13996	-30
140	-22.9411	-30
141	-22.75109	-30
142	-22.9411	-30
143	-22.56918	-30
144	-22.06565	-30
145	-21.91013	-30
146	-21.61496	-30
147	-21.07901	-30
148	-21.20691	-30
149	-21.20691	-30
150	-20.83401	-30
151	-20.71651	-30
152	-20.49062	-30
153	-20.49062	-30
154	-20.6021	-30
155	-20.71651	-30
156	-20.83401	-30
157	-20.83401	-30
158	-20.95478	-30
159	-21.3387	-30
160	-21.20691	-30
161	-21.47462	-30
162	-21.3387	-30
163	-21.07901	-30
164	-20.83401	-30
165	-20.49062	-30
166	-20.83401	-30
167	-20.49062	-30
168	-20.27587	-30
169	-20.07121	-30
170	-19.78114	-30
171	-19.78114	-30
172	-19.42208	-30
173	-18.93324	-30
174	-18.63516	-30
175	-18.56369	-30
176	-18.15764	-30
177	-17.84568	-30
178	-17.61106	-30
179	-17.33428	-30
180	-17.02349	-30
181	-16.78018	-30
182	-16.59471	-30
183	-16.24554	-30
184	-15.80628	-30
185	-15.51206	-30
186	-15.20279	-30
187	-14.88264	-30
188	-14.64213	-30
189	-14.33131	-30
190	-13.93967	-30
191	-13.67288	-30
192	-13.53382	-30
193	-13.39898	-30
194	-13.09936	-30
195	-12.99706	-30
196	-12.72251	-30
197	-12.53628	-30
198	-12.30526	-30
199	-12.16883	-30
200	-12.02018	-30
201	-11.93969	-30
202	-11.8294	-30
203	-11.70661	-30
204	-11.63155	-30
205	-11.55774	-30
206	-11.52855	-30
207	-11.49955	-30
208	-11.51403	-30
209	-11.52855	-30
210	-11.55774	-30
211	-11.61669	-30
212	-11.72178	-30
213	-11.79839	-30
214	-11.92377	-30
215	-12.05279	-30
216	-12.18566	-30
217	-12.35752	-30
218	-12.53628	-30
219	-12.70354	-30
220	-12.93679	-30
221	-13.07871	-30
222	-13.46589	-30
223	-13.69648	-30
224	-13.88996	-30
225	-14.14425	-30
226	-14.27706	-30
227	-14.55519	-30
228	-14.91364	-30
229	-15.16972	-30
230	-15.51206	-30
231	-15.76842	-30
232	-16.04047	-30
233	-16.28771	-30
234	-16.59471	-30
235	-16.78018	-30
236	-17.02349	-30
237	-17.12468	-30
238	-17.33428	-30
239	-17.5543	-30
240	-17.72681	-30
241	-17.90633	-30
242	-18.0302	-30
243	-18.15764	-30
244	-18.22277	-30
245	-18.15764	-30
246	-17.96783	-30
247	-18.0302	-30
248	-17.90633	-30
249	-17.78585	-30
250	-17.61106	-30
251	-17.33428	-30
252	-17.22824	-30
253	-17.02349	-30
254	-17.02349	-30
255	-16.92456	-30
256	-16.82779	-30
257	-16.68648	-30
258	-16.54953	-30
259	-16.41669	-30
260	-16.24554	-30
261	-16.16237	-30
262	-16.16237	-30
263	-16.28771	-30
264	-16.24554	-30
265	-16.37328	-30
266	-16.54953	-30
267	-16.68648	-30
268	-16.82779	-30
269	-17.02349	-30
270	-17.33428	-30
271	-17.44292	-30
272	-17.5543	-30
273	-17.90633	-30
274	-18.22277	-30
275	-18.70781	-30
276	-18.93324	-30
277	-19.33673	-30
278	-19.42208	-30
279	-19.59793	-30
280	-19.97236	-30
281	-20.27587	-30
282	-20.83401	-30
283	-21.07901	-30
284	-20.83401	-30
285	-21.47462	-30
286	-21.91013	-30
287	-21.91013	-30
288	-21.76002	-30
289	-22.06565	-30
290	-22.22702	-30
291	-22.75109	-30
292	-22.22702	-30
293	-22.56918	-30
294	-22.56918	-30
295	-23.13996	-30
296	-23.34857	-30
297	-22.56918	-30
298	-22.9411	-30
299	-23.13996	-30
300	-22.75109	-30
301	-23.34857	-30
302	-24.04412	-30
303	-24.58101	-30
304	-25.54293	-30
305	-25.92044	-30
306	-25.92044	-30
307	-26.79875	-30
308	-26.79875	-30
309	-26.33609	-30
310	-26.33609	-30
311	-24.87764	-30
312	-24.04412	-30
313	-23.34857	-30
314	-22.06565	-30
315	-20.27587	-30
316	-19.25301	-30
317	-18.8568	-30
318	-17.33428	-30
319	-15.88298	-30
320	-14.97629	-30
321	-14.33131	-30
322	-13.5797	-30
323	-12.87732	-30
324	-12.23652	-30
325	-11.54312	-30
326	-10.86744	-30
327	-10.20472	-30
328	-9.524952	-30
329	-9.067345	-30
330	-8.675442	-30
331	-8.13554	-30
332	-7.564022	-30
333	-7.198242	-30
334	-6.814865	-30
335	-6.420441	-30
336	-6.109478	-30
337	-5.818935	-30
338	-5.572815	-30
339	-5.296612	-30
340	-5.040001	-30
341	-4.797455	-30
342	-4.513336	-30
343	-4.314465	-30
344	-4.11866	-30
345	-3.933769	-30
346	-3.781567	-30
347	-3.617283	-30
348	-3.489624	-30
349	-3.377094	-30
350	-3.265091	-30
351	-3.238087	-30
352	-3.211246	-30
353	-3.101128	-30
354	-2.95351	-30
355	-2.820839	-30
356	-2.78828	-30
357	-2.745911	-30
358	-2.692017	-30
359	-2.680126	-30

	E	H
MSL : 	-2.39	-30.00
MSP : 	1	0
HPBW: 	43.27	0.00
